4249.000000    458.814700    30.767030
4251.000000    469.231300    32.112700
4253.000000    466.532400    31.926530
4255.000000    454.184700    31.573690
4257.000000    532.313800    34.632680
4259.000000    511.413900    33.148420
4261.000000    482.332500    32.463970
4263.000000    498.355900    33.485620
4265.000000    547.770200    35.175770
4267.000000    536.989500    35.289160
4269.000000    508.162600    34.272330
4271.000000    498.773600    33.567670
4273.000000    489.614100    32.964530
4275.000000    544.368500    35.900220
4277.000000    572.047700    36.323230
4279.000000    528.109600    34.953190
4281.000000    531.751400    34.854170
4283.000000    519.792700    34.598270
4285.000000    548.188900    35.668680
4287.000000    563.299700    35.869980
4289.000000    565.181400    36.785600
4291.000000    560.643500    35.521270
4293.000000    581.351900    37.547860
4295.000000    620.466900    38.164570
4297.000000    550.187000    35.014830
4299.000000    574.896500    36.549750
4301.000000    644.873800    39.581330
4303.000000    691.094700    41.056930
4305.000000    618.948100    37.985740
4307.000000    665.918100    39.705720
4309.000000    761.250300    43.496750
4311.000000    762.584200    43.260230
4313.000000    804.501600    45.008590
4315.000000    771.601500    43.533490
4317.000000    706.411600    41.527430
4319.000000    707.793000    41.177510
4321.000000    713.763100    41.705520
4323.000000    555.635100    35.770490
4325.000000    579.801400    36.697960
4327.000000    550.405400    35.072560
4329.000000    609.608700    37.436240
4331.000000    597.706800    36.983990
4333.000000    588.886300    35.944310
4335.000000    608.577200    37.368610
4337.000000    583.514000    35.489060
4339.000000    602.026100    36.751850
4341.000000    688.267800    40.478200
4343.000000    682.506900    40.194140
4345.000000    586.034700    36.406380
4347.000000    618.239000    37.019460
4349.000000    626.933700    37.751350
4351.000000    667.416700    39.286880
4353.000000    697.068700    40.130920
4355.000000    653.201700    38.746910
4357.000000    711.379200    40.629540
4359.000000    666.092500    38.251410
4361.000000    710.965000    40.106100
4363.000000    692.440300    39.432920
4365.000000    741.950800    42.007240
4367.000000    747.861500    42.293050
4369.000000    758.585000    41.956720
4371.000000    673.735800    38.495070
4373.000000    735.721900    41.115160
4375.000000    787.013400    42.661810
4377.000000    758.266700    40.963920
4379.000000    738.110300    40.497550
4381.000000    706.522600    39.047800